1000 748
9
22
13
13
17
1
7
9
11
1
17
23
33
29
27
17
23
9
25
7
33
1
13
16
1
1
49
33
9
65
31
1
15
81
81
1
1
-37
-36
-35
-34
-33
-32
-31
-30
-29
-28
-27
-26
-25
-24
-23
-22
-21
-20
-19
-18
-17
-16
-15
-14
-13
-12
-11
-10
-9
-8
-7
-6
-5
-4
-3
-2
-1
23
27
23
1
17
25
13
19
22
9
1
12
1
19
15
10
13
8
1
26
39
1
45
42
45
13
1
49
52
43
34
9
57
53
60
23
136
-75
-76
-77
-78
-79
-80
-81
-82
-83
-84
-85
-86
-87
-88
-89
-90
-91
-92
-93
-94
-95
-96
-97
-98
-99
-100
-101
-102
-103
-104
-105
-106
-107
-108
-109
-110
-111
7
10
8
3
5
7
12
8
3
11
13
1
1
3
11
3
7
4
6
1
6
1
1
1
4
2
17
14
17
11
3
5
9
5
17
14
1
4
17
9
13
17
12
17
16
17
6
13
21
3
6
9
1
22
12
3
9
1
3
1
11
13
13
37
1
27
41
35
41
5
31
58
49
32
51
-188
-149
-219
-207
-186
-204
-199
-196
-211
-202
-161
-150
-217
-190
-170
-164
-178
-194
-191
-159
-184
-185
-206
-195
-192
-180
-151
-201
-215
-152
-160
-174
-177
-155
-209
-153
-218
-179
-156
-182
-163
-220
-158
-154
-187
-169
-212
-167
-157
-208
-198
-205
-210
-171
-172
-200
-168
-197
-175
-162
-166
-213
-214
-165
-176
-222
-173
-181
-189
-183
-221
-193
-216
-203
-223
10
5
7
11
11
9
1
5
5
1
1
5
7
13
13
1
7
5
13
8
5
9
1
1
1
1
9
15
5
10
16
13
15
9
1
5
8
8
7
17
9
17
17
1
13
21
4
9
7
13
22
8
9
24
9
1
13
17
9
11
3
4
10
21
8
3
42
32
19
41
45
9
1
115
1
-322
-336
-337
-315
-329
-362
-355
-370
-354
-301
-365
-299
-319
-357
-345
-359
-324
-350
-330
-300
-363
-356
-309
-343
-335
-316
-327
-302
-326
-360
-303
-313
-323
-364
-331
-346
-353
-311
-340
-361
-348
-312
-306
-304
-314
-342
-320
-305
-307
-317
-332
-338
-333
-358
-318
-344
-368
-372
-334
-308
-369
-371
-321
-352
-328
-367
-341
-310
-339
-366
-373
-325
-349
-347
-351
12
6
1
6
11
3
11
12
1
7
5
11
1
3
9
1
2
14
9
11
10
13
9
1
9
1
1
15
16
5
2
2
15
7
9
3
9
10
8
13
9
1
18
10
20
3
1
10
19
15
1
21
24
18
25
16
17
15
12
1
7
24
1
17
29
8
17
7
1
25
7
45
22
49
170
-449
-490
-491
-450
-493
-469
-523
-495
-470
-499
-484
-451
-474
-521
-496
-497
-482
-468
-458
-452
-520
-513
-459
-463
-462
-457
-516
-453
-483
-517
-480
-475
-461
-471
-518
-501
-473
-514
-460
-481
-479
-465
-508
-454
-492
-512
-506
-488
-476
-487
-477
-455
-467
-456
-504
-511
-515
-509
-494
-464
-498
-466
-485
-472
-486
-478
-505
-489
-502
-500
-519
-503
-522
-507
-510
23
10
11
1
12
57
19
1
1
41
73
39
29
65
84
29
77
139
113
97
-609
-610
-615
-616
-611
-612
-613
-614
-617
1
65
68
20
79
99
24
61
88
-603
1
-628
-604
-629
-618
-608
-605
-607
-606
-630
1
20
29
49
3
47
61
63
54
-634
-631
-599
-648
-600
-601
-602
-638
-633
-632
-649
-635
-636
4
13
33
5
29
5
41
37
39
1
54
65
17
-671
11
-676
24
-650
-673
-672
-651
-653
-652
-656
-675
-655
-654
-674
-670
-677
1
29
1
29
30
19
13
41
29
33
1
65
1
-708
-701
-706
-702
-705
-703
-709
-704
-707
17
1
15
27
1
25
35
48
54
-727
17
-678
2
-711
-712
21
9
-684
-686
13
17
-700
1
-710
1
-726
1